erbb_hsa_sources0.txt 5664 12647 16233 22086 27160 990 16893 30843 977 231 3709 4567 4575 66 92 4073 6003 2939 6539 6729 3500 33931 14251 14372 15104 16353 23949 27048 20031 12647 12647 16233 27160 8330 12647 16233 27160 34025 5933 33290 25724 27048 12647 16233 26901 18703 33760 2920 5664 12647 16233 22086 27160 990 16893 30843 977 231 3709 4567 4575 66 92 4073 6003 2939 6539 6729 3500 33931 14251 14372 15104 16353 23949 27048 20031 12647 12647 16233 27160 8330 12647 16233 27160 34025 5933 33290 25724 27048 12647 16233 26901 18703 33760 2920
erbb_hsa_sources1.txt 5664 12647 16233 22086 27160 990 12647 16233 27067 1397 10782 11167 3934 30843 231 3709 4567 21105 66 10804 20961 4073 6003 6539 6728 8349 3500 20032 7701 10804 20961 10804 8330 12647 16233 27160 34025 5933 33290 25510 26577 5743 28570 27587
erbb_hsa_sources2.txt 4189 4567 6003 6003 6097 6539 6728 8349 2920 3500 15311 4189 4567 6003 6003 6097 6539 6728 8349 2920 3500 15311
erbb_hsa_sources3.txt 30843 3709 4567 4575 66 6539 6729 3500 10804 20961 27587
erbb_hsa_sources4.txt 3935 30843 3709 4567 66 3500 15211 4073 6003 6330 6468 6539 4489 8349 14383 14411 33899 10898 21340 25633 14411 33899 8330 27698 33525
erbb_hsa_sources5.txt 990 1018 1024 1274 30843 231 3709 4567 66 3500 15211 5987 6003 6097 6105 6539 6729 6730 7684 6164 6217 6003 18042 31298 14238 8278 14874 14750 20032 15311 20012 27067 12647 6003 8101 21457 22312 15311 20012 27067 15311 8330 12647 16233 27160 34025 5933 33290 12647 16233 27160 10975 25184 25194 25633 26578 26987 27587 990 1018 1024 1274 30843 231 3709 4567 66 3500 15211 5987 6003 6097 6105 6539 6729 6730 7684 6164 6217 6003 18042 31298 14238 8278 14874 14750 20032 15311 20012 27067 12647 6003 8101 21457 22312 15311 20012 27067 15311 8330 12647 16233 27160 34025 5933 33290 12647 16233 27160 10975 25184 25194 25633 26578 26987 27587
erbb_hsa_sources6.txt 2838 3498 4189 231 3709 4567 21105 66 10804 20961 5994 6003 12647 16233 27160 6003 6220 6539 6728 6165 9020 9398 2920 3500 10798 14372 14372 14383 25704 6007 20032 4071 21337 21338 21465 22969 10975 26901 26988 18981 20604 18981 20604 28662 12647 16233 27160 2838 3498 4189 231 3709 4567 21105 66 10804 20961 5994 6003 12647 16233 27160 6003 6220 6539 6728 6165 9020 9398 2920 3500 10798 14372 14372 14383 25704 6007 20032 4071 21337 21338 21465 22969 10975 26901 26988 18981 20604 18981 20604 28662 12647 16233 27160 2838 3498 4189 231 3709 4567 21105 66 10804 20961 5994 6003 12647 16233 27160 6003 6220 6539 6728 6165 9020 9398 2920 3500 10798 14372 14372 14383 25704 6007 20032 4071 21337 21338 21465 22969 10975 26901 26988 18981 20604 18981 20604 28662 12647 16233 27160 2838 3498 4189 231 3709 4567 21105 66 10804 20961 5994 6003 12647 16233 27160 6003 6220 6539 6728 6165 9020 9398 2920 3500 10798 14372 14372 14383 25704 6007 20032 4071 21337 21338 21465 22969 10975 26901 26988 18981 20604 18981 20604 28662 12647 16233 27160 2838 3498 4189 231 3709 4567 21105 66 10804 20961 5994 6003 12647 16233 27160 6003 6220 6539 6728 6165 9020 9398 2920 3500 10798 14372 14372 14383 25704 6007 20032 4071 21337 21338 21465 22969 10975 26901 26988 18981 20604 18981 20604 28662 12647 16233 27160 2838 3498 4189 231 3709 4567 21105 66 10804 20961 5994 6003 12647 16233 27160 6003 6220 6539 6728 6165 9020 9398 2920 3500 10798 14372 14372 14383 25704 6007 20032 4071 21337 21338 21465 22969 10975 26901 26988 18981 20604 18981 20604 28662 12647 16233 27160 2838 3498 4189 231 3709 4567 21105 66 10804 20961 5994 6003 12647 16233 27160 6003 6220 6539 6728 6165 9020 9398 2920 3500 10798 14372 14372 14383 25704 6007 20032 4071 21337 21338 21465 22969 10975 26901 26988 18981 20604 18981 20604 28662 12647 16233 27160 2838 3498 4189 231 3709 4567 21105 66 10804 20961 5994 6003 12647 16233 27160 6003 6220 6539 6728 6165 9020 9398 2920 3500 10798 14372 14372 14383 25704 6007 20032 4071 21337 21338 21465 22969 10975 26901 26988 18981 20604 18981 20604 28662 12647 16233 27160 2838 3498 4189 231 3709 4567 21105 66 10804 20961 5994 6003 12647 16233 27160 6003 6220 6539 6728 6165 9020 9398 2920 3500 10798 14372 14372 14383 25704 6007 20032 4071 21337 21338 21465 22969 10975 26901 26988 18981 20604 18981 20604 28662 12647 16233 27160 2838 3498 4189 231 3709 4567 21105 66 10804 20961 5994 6003 12647 16233 27160 6003 6220 6539 6728 6165 9020 9398 2920 3500 10798 14372 14372 14383 25704 6007 20032 4071 21337 21338 21465 22969 10975 26901 26988 18981 20604 18981 20604 28662 12647 16233 27160 2838 3498 4189 231 3709 4567 21105 66 10804 20961 5994 6003 12647 16233 27160 6003 6220 6539 6728 6165 9020 9398 2920 3500 10798 14372 14372 14383 25704 6007 20032 4071 21337 21338 21465 22969 10975 26901 26988 18981 20604 18981 20604 28662 12647 16233 27160
erbb_hsa_sources7.txt 10782 11167 3498 30843 3709 66 4073 6539 6165 3500 4071 10782 11167 3498 30843 3709 66 4073 6539 6165 3500 4071
erbb_hsa_sources8.txt 1028 3709 66 3500 15211 6539 14372 6007 3498 4128 6208 6165 25704 29210 1028 3709 66 3500 15211 6539 14372 6007 3498 4128 6208 6165 25704 29210
erbb_hsa_sources9.txt 3709 66 6539 3500
